df <- structure(list(Sexo = c(2, 1, 1, 2, 1, 2, 2, 1, 1, 2, 1, 1, 2, 
                              2, 1, 2, 1, 2, 2, 2, 1, 2, 1, 2, 2, 2, 1, 1, 1, 1, 2, 1, 1, 1, 
                              1, 2, 2, 2, 2, 2, 2, 1, 2, 2, 1, 2, 1, 1, 2, 2, 2, 2, 1, 2, 2, 
                              2, 1, 2, 2, 1, 1, 2, 2, 2, 2, 2, 2, 2, 1, 1, 1, 2, 2, 1, 1, 2, 
                              1, 2, 1, 2, 1, 2, 1, 1, 2, 1, 2, 2, 2, 1, 1, 2, 2, 2, 2, 1, 2, 
                              2, 1, 1, 2, 2, 1, 1, 1, 1, 1, 2, 2, 1, 2, 1, 2, 2, 2, 2, 2, 1, 
                              1, 1, 1, 2, 1, 1, 2, 2, 2, 1, 2, 1, 1, 1, 1, 1, 1, 2, 2, 1, 1, 
                              1, 1, 2, 2, 1, 2, 2, 1, 2, 2, 2, 2, 2, 1, 2, 1, 2, 1, 1, 1, 2, 
                              1, 1, 1, 1, 2, 2, 2, 1, 1, 2, 1, 1, 1, 1, 1, 2, 2, 2, 1, 1, 2, 
                              1, 1, 1, 2, 1, 2, 2, 1, 1, 1, 2, 1, 2, 1, 1, 1, 2, 2, 2, 2, 2, 
                              2, 1, 1, 2, 2, 1, 2, 2, 1, 2, 2, 1, 1, 1, 2, 1, 1, 1, 2, 2, 1, 
                              1, 2, 1, 1, 1, 1, 1, 2, 1, 2, 1, 2, 2, 1, 2, 2, 1, 1, 2, 1, 2, 
                              2, 2, 2, 1, 2, 2, 1, 1, 2, 2, 1, 1, 2, 2, 1, 2, 2, 1, 1, 2, 1, 
                              2, 2, 1, 1, 1, 2, 2, 1, 2, 1, 2, 2, 1, 1, 2, 2, 1, 1, 2, 1, 2, 
                              1, 1, 1, 2, 1, 2, 1, 2, 2, 2, 1, 1, 2, 2, 2, 1, 2, 2, 2, 2, 1, 
                              2, 2, 2, 1, 2, 2, 1, 2, 1, 1, 1, 2, 1, 2, 1, 2, 1, 1, 1, 2, 2, 
                              2, 1, 1, 2, 2, 2, 1, 1, 1, 2, 2, 1, 1, 1, 2, 1, 1, 1, 1, 1, 1, 
                              1, 2, 1, 2, 2, 2, 2, 1, 1, 1, 2, 1, 2, 2, 2, 1, 2, 2, 2, 2, 1, 
                              2, 1, 2, 1, 1, 2, 2, 2, 2, 2, 1, 2, 2, 2, 1, 2, 2, 1, 1, 1, 2, 
                              1, 2, 1, 2, 2, 1, 1, 2, 2, 1, 1), Escolaridad = c(1, 3, 1, 1, 
                                                                                2, 2, 3, 7, 3, 3, 1, 4, 2, 2, 7, 1, 2, 7, 2, 2, 2, 4, 2, 3, 1, 
                                                                                3, 2, 1, 1, 1, 1, 4, 3, 2, 2, 3, 4, 2, 2, 1, 1, 1, 1, 2, 3, 3, 
                                                                                2, 2, 3, 3, 1, 1, 2, 1, 7, 4, 7, 3, 7, 2, 2, 1, 3, 2, 1, 2, 4, 
                                                                                4, 4, 4, 3, 3, 2, 2, 2, 1, 3, 1, 3, 4, 7, 2, 3, 1, 1, 2, 2, 1, 
                                                                                2, 2, 2, 1, 3, 2, 1, 4, 3, 4, 1, 3, 3, 2, 3, 1, 4, 3, 2, 1, 1, 
                                                                                2, 3, 1, 3, 1, 2, 7, 5, 4, 2, 4, 1, 3, 3, 3, 2, 3, 7, 7, 3, 2, 
                                                                                4, 2, 3, 2, 4, 2, 3, 2, 1, 3, 2, 4, 4, 2, 2, 3, 3, 7, 3, 4, 1, 
                                                                                3, 3, 3, 1, 3, 2, 4, 2, 4, 2, 3, 7, 1, 3, 2, 2, 1, 1, 2, 3, 2, 
                                                                                1, 2, 2, 2, 2, 4, 3, 1, 1, 2, 2, 2, 3, 7, 1, 2, 2, 3, 1, 1, 1, 
                                                                                2, 3, 2, 4, 3, 1, 1, 4, 2, 3, 2, 4, 2, 3, 3, 3, 2, 3, 6, 1, 1, 
                                                                                3, 1, 1, 3, 4, 3, 1, 3, 2, 1, 3, 1, 4, 2, 1, 2, 4, 5, 2, 3, 6, 
                                                                                4, 4, 4, 6, 4, 4, 4, 2, 2, 1, 3, 2, 2, 3, 1, 2, 7, 1, 2, 1, 2, 
                                                                                3, 3, 3, 1, 2, 6, 4, 4, 3, 4, 4, 4, 4, 3, 3, 2, 4, 3, 2, 4, 2, 
                                                                                4, 2, 3, 6, 7, 2, 3, 1, 3, 2, 4, 2, 1, 7, 1, 1, 1, 1, 2, 3, 2, 
                                                                                3, 3, 1, 2, 2, 4, 4, 3, 4, 4, 4, 4, 3, 4, 3, 1, 4, 1, 4, 2, 4, 
                                                                                1, 1, 2, 2, 2, 4, 3, 2, 4, 2, 2, 2, 3, 2, 2, 4, 1, 1, 3, 3, 3, 
                                                                                1, 7, 2, 4, 2, 1, 2, 4, 3, 2, 3, 4, 3, 4, 4, 2, 3, 2, 3, 1, 2, 
                                                                                1, 1, 7, 1, 7, 2, 2, 1, 1, 2, 1, 3, 2, 1, 7, 1, 2, 2, 1, 2, 2, 
                                                                                2, 1, 2, 3, 7, 1, 2, 3, 1, 1, 4, 5, 2, 2, 4, 4, 3, 3, 1, 3), 
                     edad_intervalo = c(4, 1, 6, 6, 4, 4, 2, 2, 4, 1, 1, 3, 3, 
                                        4, 6, 4, 4, 6, 2, 4, 5, 3, 5, 6, 6, 2, 6, 6, 5, 5, 4, 6, 
                                        3, 6, 4, 3, 2, 5, 5, 3, 2, 2, 5, 6, 2, 2, 3, 3, 1, 1, 4, 
                                        5, 4, 5, 6, 1, 5, 5, 6, 6, 4, 4, 3, 4, 5, 4, 1, 1, 3, 4, 
                                        1, 1, 3, 4, 4, 5, 1, 2, 1, 2, 5, 3, 5, 5, 1, 5, 3, 4, 3, 
                                        5, 6, 4, 3, 4, 6, 2, 1, 3, 2, 2, 1, 5, 1, 5, 2, 5, 3, 6, 
                                        2, 2, 3, 1, 2, 6, 3, 1, 5, 1, 5, 5, 5, 2, 4, 4, 5, 2, 6, 
                                        5, 1, 3, 5, 5, 3, 5, 3, 6, 5, 3, 3, 1, 5, 4, 2, 2, 5, 3, 
                                        4, 6, 2, 6, 6, 2, 3, 4, 6, 3, 6, 4, 1, 3, 2, 1, 6, 6, 3, 
                                        4, 4, 5, 6, 4, 3, 4, 6, 1, 1, 2, 3, 2, 2, 6, 4, 3, 4, 3, 
                                        2, 5, 5, 4, 3, 1, 4, 5, 2, 1, 3, 6, 3, 4, 5, 6, 4, 3, 2, 
                                        3, 3, 3, 1, 2, 6, 4, 5, 5, 4, 4, 1, 4, 6, 1, 2, 2, 6, 1, 
                                        1, 2, 3, 5, 2, 1, 3, 4, 3, 6, 5, 6, 4, 5, 1, 4, 3, 2, 5, 
                                        1, 5, 6, 6, 2, 3, 6, 1, 4, 6, 6, 6, 4, 6, 5, 2, 4, 3, 6, 
                                        1, 4, 3, 6, 3, 5, 3, 1, 3, 5, 2, 4, 2, 4, 1, 4, 4, 2, 5, 
                                        1, 5, 6, 4, 2, 3, 1, 5, 4, 6, 5, 6, 5, 6, 5, 6, 3, 1, 5, 
                                        5, 2, 5, 4, 3, 1, 3, 4, 4, 6, 6, 4, 2, 5, 6, 5, 4, 4, 6, 
                                        4, 5, 5, 5, 3, 2, 6, 2, 1, 2, 2, 4, 3, 3, 4, 2, 3, 4, 6, 
                                        3, 4, 1, 4, 4, 3, 2, 3, 5, 5, 6, 4, 4, 5, 1, 2, 1, 3, 3, 
                                        5, 2, 4, 1, 4, 5, 6, 6, 6, 5, 6, 6, 3, 3, 6, 3, 5, 2, 5, 
                                        4, 6, 5, 4, 3, 6, 4, 4, 3, 6, 3, 3, 4, 5, 2, 4, 6, 4, 5, 
                                        4, 3, 5, 3, 4, 2, 6, 2, 2), seguro_votar = c(1, 1, 1, 1, 
                                                                                     2, 1, 2, 1, 1, 1, 1, 1, 1, 2, 2, 2, 1, 1, 2, 2, 1, 1, 1, 
                                                                                     1, 1, 1, 1, 1, 1, 1, 2, 1, 1, 1, 2, 2, 1, 1, 1, 2, 2, 2, 
                                                                                     1, 1, 1, 1, 2, 3, 2, 2, 1, 1, 1, 1, 1, 1, 2, 2, 2, 1, 1, 
                                                                                     2, 3, 1, 1, 1, 1, 1, 1, 1, 2, 2, 88, 2, 1, 2, 1, 1, 1, 1, 
                                                                                     1, 2, 2, 3, 1, 1, 2, 88, 2, 2, 1, 1, 2, 1, 1, 1, 1, 1, 2, 
                                                                                     2, 2, 1, 1, 1, 1, 1, 2, 1, 2, 2, 2, 2, 2, 1, 88, 1, 1, 2, 
                                                                                     1, 1, 1, 1, 2, 2, 1, 1, 1, 1, 1, 1, 1, 1, 1, 1, 2, 1, 2, 
                                                                                     2, 1, 1, 1, 1, 1, 1, 1, 2, 2, 1, 1, 1, 1, 2, 2, 1, 1, 1, 
                                                                                     1, 1, 1, 1, 1, 1, 1, 88, 1, 1, 1, 2, 2, 2, 1, 2, 1, 2, 2, 
                                                                                     2, 2, 2, 2, 1, 2, 1, 2, 2, 2, 1, 1, 2, 2, 2, 2, 88, 1, 3, 
                                                                                     2, 1, 1, 1, 1, 1, 2, 2, 88, 1, 1, 1, 1, 1, 1, 2, 1, 2, 2, 
                                                                                     1, 2, 1, 1, 1, 1, 1, 1, 1, 2, 1, 2, 1, 1, 2, 2, 2, 1, 1, 
                                                                                     2, 1, 1, 1, 1, 1, 1, 1, 1, 2, 1, 1, 1, 1, 1, 1, 1, 1, 1, 
                                                                                     1, 2, 2, 1, 1, 1, 2, 2, 1, 2, 1, 2, 1, 2, 2, 1, 1, 1, 1, 
                                                                                     1, 1, 1, 1, 2, 1, 2, 2, 2, 2, 1, 1, 2, 2, 2, 2, 1, 88, 1, 
                                                                                     1, 1, 1, 1, 1, 2, 2, 1, 1, 2, 2, 2, 1, 2, 2, 1, 1, 1, 1, 
                                                                                     1, 1, 1, 1, 1, 1, 1, 1, 1, 1, 1, 2, 1, 1, 2, 2, 2, 2, 2, 
                                                                                     2, 2, 1, 2, 1, 2, 1, 88, 1, 2, 1, 1, 1, 2, 2, 1, 2, 1, 2, 
                                                                                     2, 1, 1, 1, 1, 1, 1, 1, 1, 1, 1, 1, 2, 2, 1, 1, 1, 1, 1, 
                                                                                     88, 1, 1, 2, 1, 1, 2, 1, 2, 2, 3, 2, 88, 1, 1, 1, 1, 1, 1, 
                                                                                     1, 2, 2, 1, 1, 1, 2, 2, 1, 2, 1, 1, 1, 1, 1, 1, 2, 1), principal_eleme = c(1, 
                                                                                                                                                                1, 3, 1, 5, 1, 1, 2, 1, 4, 1, 1, 1, 1, 88, 3, 1, 3, 1, 1, 
                                                                                                                                                                1, 1, 1, 1, 1, 3, 1, 1, 1, 2, 4, 1, 1, 1, 1, 1, 1, 1, 1, 
                                                                                                                                                                3, 1, 1, 2, 2, 1, 1, 1, 1, 1, 1, 1, 1, 1, 1, 1, 1, 2, 1, 
                                                                                                                                                                1, 1, 2, 88, 1, 1, 1, 1, 1, 5, 1, 3, 1, 1, 1, 1, 1, 1, 1, 
                                                                                                                                                                2, 1, 1, 1, 1, 5, 1, 1, 2, 1, 1, 1, 1, 3, 3, 1, 1, 2, 2, 
                                                                                                                                                                2, 2, 1, 1, 1, 1, 4, 1, 1, 2, 1, 4, 1, 88, 3, 1, 1, 88, 1, 
                                                                                                                                                                1, 1, 1, 1, 1, 2, 1, 5, 1, 1, 1, 1, 1, 1, 1, 1, 88, 1, 1, 
                                                                                                                                                                1, 2, 4, 1, 2, 1, 1, 1, 1, 2, 1, 3, 1, 4, 1, 5, 1, 1, 3, 
                                                                                                                                                                5, 1, 1, 1, 1, 1, 1, 1, 1, 88, 1, 2, 1, 1, 1, 4, 1, 2, 1, 
                                                                                                                                                                1, 3, 88, 1, 1, 1, 88, 3, 5, 1, 1, 5, 1, 1, 1, 1, 1, 1, 1, 
                                                                                                                                                                3, 1, 88, 1, 1, 1, 1, 1, 1, 1, 1, 1, 1, 1, 1, 1, 1, 1, 3, 
                                                                                                                                                                1, 1, 1, 1, 1, 2, 2, 1, 1, 1, 1, 1, 1, 4, 1, 1, 1, 88, 1, 
                                                                                                                                                                4, 1, 1, 88, 1, 1, 1, 1, 2, 1, 1, 1, 1, 1, 1, 2, 1, 1, 1, 
                                                                                                                                                                1, 1, 2, 1, 1, 2, 3, 1, 1, 1, 1, 1, 1, 1, 1, 1, 1, 1, 1, 
                                                                                                                                                                1, 1, 88, 1, 1, 1, 1, 1, 1, 88, 1, 1, 1, 1, 1, 1, 1, 4, 1, 
                                                                                                                                                                1, 1, 1, 1, 88, 3, 2, 1, 1, 2, 1, 1, 1, 1, 1, 1, 1, 1, 2, 
                                                                                                                                                                1, 1, 1, 1, 2, 1, 1, 1, 1, 2, 1, 1, 1, 1, 4, 1, 3, 1, 1, 
                                                                                                                                                                1, 1, 2, 1, 1, 1, 1, 1, 88, 1, 88, 88, 4, 1, 1, 1, 2, 88, 
                                                                                                                                                                1, 1, 1, 1, 1, 1, 2, 1, 1, 1, 1, 1, 1, 88, 1, 1, 1, 1, 1, 
                                                                                                                                                                1, 88, 1, 88, 88, 1, 3, 1, 1, 1, 88, 1, 1, 88, 3, 1, 4, 1, 
                                                                                                                                                                1, 1, 1, 1, 1, 1, 1, 4, 1, 1, 1, 3, 1, 1, 4, 1, 1, 1, 1, 
                                                                                                                                                                1, 1, 1, 1), partido_votaste = c(88, 5, 2, 88, 7, 1, 66, 
                                                                                                                                                                                                 5, 7, 7, 6, 3, 2, 66, 1, 1, 7, 4, 88, 2, 7, 2, 7, 88, 1, 
                                                                                                                                                                                                 5, 88, 2, 7, 2, 5, 8, 7, 7, 88, 66, 7, 7, 5, 1, 66, 2, 66, 
                                                                                                                                                                                                 7, 5, 5, 88, 2, 66, 66, 88, 5, 1, 7, 1, 2, 88, 88, 88, 3, 
                                                                                                                                                                                                 7, 88, 66, 7, 2, 88, 5, 9, 7, 7, 66, 66, 9, 5, 5, 88, 66, 
                                                                                                                                                                                                 7, 66, 4, 7, 7, 88, 5, 66, 5, 88, 2, 7, 5, 7, 1, 1, 5, 1, 
                                                                                                                                                                                                 88, 66, 7, 88, 2, 88, 7, 66, 2, 6, 7, 5, 2, 2, 88, 5, 88, 
                                                                                                                                                                                                 7, 88, 5, 5, 7, 66, 1, 1, 2, 5, 2, 5, 5, 5, 1, 66, 2, 5, 
                                                                                                                                                                                                 5, 2, 6, 1, 5, 2, 6, 7, 7, 66, 2, 2, 88, 5, 88, 5, 5, 7, 
                                                                                                                                                                                                 5, 2, 7, 5, 7, 7, 88, 7, 5, 7, 5, 88, 88, 7, 88, 88, 7, 66, 
                                                                                                                                                                                                 88, 5, 88, 88, 2, 88, 5, 88, 66, 2, 88, 88, 66, 7, 88, 7, 
                                                                                                                                                                                                 7, 2, 66, 7, 2, 7, 2, 66, 7, 2, 66, 1, 7, 5, 5, 5, 88, 5, 
                                                                                                                                                                                                 1, 7, 66, 5, 88, 88, 5, 7, 1, 1, 2, 1, 2, 7, 66, 7, 88, 66, 
                                                                                                                                                                                                 5, 5, 7, 66, 88, 7, 7, 2, 66, 88, 88, 1, 88, 5, 66, 7, 7, 
                                                                                                                                                                                                 1, 5, 1, 5, 88, 7, 1, 5, 88, 2, 1, 7, 7, 66, 66, 88, 7, 2, 
                                                                                                                                                                                                 2, 66, 7, 7, 2, 4, 2, 66, 7, 7, 2, 5, 1, 7, 66, 2, 88, 88, 
                                                                                                                                                                                                 88, 5, 5, 66, 1, 66, 66, 4, 2, 7, 2, 2, 5, 7, 66, 7, 88, 
                                                                                                                                                                                                 7, 88, 7, 88, 7, 88, 2, 2, 88, 1, 7, 66, 2, 5, 2, 1, 5, 5, 
                                                                                                                                                                                                 5, 7, 7, 5, 5, 5, 2, 2, 7, 7, 5, 7, 5, 7, 2, 2, 66, 7, 2, 
                                                                                                                                                                                                 1, 88, 7, 5, 5, 5, 2, 2, 5, 88, 88, 1, 5, 3, 7, 7, 88, 5, 
                                                                                                                                                                                                 7, 7, 2, 7, 1, 1, 5, 88, 2, 66, 7, 1, 3, 88, 7, 7, 2, 7, 
                                                                                                                                                                                                 5, 88, 7, 1, 88, 6, 2, 66, 5, 1, 5, 88, 7, 88, 6, 88, 88, 
                                                                                                                                                                                                 5, 88, 5, 7, 5, 2, 66, 7, 66, 7, 9, 5, 88, 1, 7, 1, 7, 7, 
                                                                                                                                                                                                 66, 1, 88, 5, 1, 5), votarias_mismo = c(2, 2, 2, 88, 1, 88, 
                                                                                                                                                                                                                                         2, 88, 1, 1, 2, 2, 1, 2, 1, 2, 2, 1, 88, 1, 1, 1, 1, 1, 1, 
                                                                                                                                                                                                                                         1, 88, 2, 1, 2, 2, 2, 1, 1, 88, 88, 88, 1, 2, 2, 2, 1, 2, 
                                                                                                                                                                                                                                         2, 2, 1, 88, 2, 88, 88, 88, 1, 2, 1, 1, 2, 88, 2, 2, 2, 1, 
                                                                                                                                                                                                                                         88, 2, 1, 1, 88, 1, 2, 1, 1, 88, 2, 2, 88, 88, 2, 2, 1, 2, 
                                                                                                                                                                                                                                         88, 2, 1, 1, 2, 88, 2, 88, 88, 1, 2, 88, 2, 2, 88, 88, 2, 
                                                                                                                                                                                                                                         2, 1, 88, 2, 88, 1, 2, 1, 2, 1, 2, 1, 88, 88, 2, 88, 88, 
                                                                                                                                                                                                                                         88, 88, 88, 1, 2, 1, 1, 1, 1, 1, 1, 1, 2, 1, 2, 1, 1, 1, 
                                                                                                                                                                                                                                         1, 2, 2, 88, 1, 2, 1, 1, 88, 1, 2, 88, 2, 88, 88, 1, 88, 
                                                                                                                                                                                                                                         2, 2, 2, 2, 1, 1, 1, 1, 88, 2, 1, 1, 1, 1, 2, 88, 1, 2, 2, 
                                                                                                                                                                                                                                         1, 88, 2, 2, 88, 2, 88, 88, 2, 2, 2, 88, 1, 2, 1, 1, 2, 2, 
                                                                                                                                                                                                                                         1, 1, 2, 2, 2, 88, 88, 88, 88, 88, 2, 1, 88, 88, 1, 1, 88, 
                                                                                                                                                                                                                                         88, 1, 1, 2, 88, 1, 2, 2, 1, 2, 1, 1, 88, 1, 88, 2, 2, 1, 
                                                                                                                                                                                                                                         1, 88, 88, 1, 2, 2, 2, 2, 88, 2, 1, 2, 88, 1, 1, 88, 2, 1, 
                                                                                                                                                                                                                                         2, 1, 2, 88, 1, 88, 88, 2, 1, 1, 88, 88, 2, 88, 2, 1, 88, 
                                                                                                                                                                                                                                         1, 1, 2, 2, 2, 88, 1, 1, 2, 2, 2, 2, 2, 1, 88, 1, 2, 88, 
                                                                                                                                                                                                                                         88, 88, 1, 88, 2, 1, 1, 1, 2, 2, 1, 2, 88, 1, 88, 1, 88, 
                                                                                                                                                                                                                                         1, 88, 1, 88, 1, 1, 88, 2, 1, 88, 88, 88, 2, 1, 1, 2, 1, 
                                                                                                                                                                                                                                         2, 1, 1, 1, 2, 1, 1, 1, 1, 88, 1, 1, 1, 1, 2, 88, 1, 1, 2, 
                                                                                                                                                                                                                                         88, 1, 1, 1, 1, 1, 88, 2, 88, 1, 88, 1, 1, 2, 2, 88, 88, 
                                                                                                                                                                                                                                         1, 1, 1, 1, 2, 2, 2, 88, 2, 88, 88, 88, 88, 1, 1, 1, 1, 2, 
                                                                                                                                                                                                                                         1, 2, 1, 1, 2, 2, 1, 2, 2, 88, 2, 88, 1, 2, 88, 88, 88, 2, 
                                                                                                                                                                                                                                         88, 1, 1, 1, 1, 88, 1, 88, 1, 2, 88, 1, 2, 1, 2, 1, 1, 2, 
                                                                                                                                                                                                                                         2, 88, 2, 1, 2), arrepientes = c(1, 2, 1, 2, 2, 2, 88, 88, 
                                                                                                                                                                                                                                                                          2, 2, 2, 1, 2, 2, 2, 2, 1, 2, 2, 2, 2, 2, 2, 2, 2, 2, 88, 
                                                                                                                                                                                                                                                                          1, 2, 2, 1, 2, 2, 2, 2, 88, 1, 2, 1, 2, 1, 2, 2, 1, 1, 2, 
                                                                                                                                                                                                                                                                          2, 1, 88, 88, 2, 2, 1, 2, 2, 2, 1, 1, 2, 2, 2, 1, 1, 2, 2, 
                                                                                                                                                                                                                                                                          88, 88, 2, 2, 2, 88, 2, 1, 2, 2, 1, 2, 2, 2, 2, 2, 2, 2, 
                                                                                                                                                                                                                                                                          1, 88, 1, 88, 2, 2, 2, 2, 1, 1, 2, 2, 88, 88, 2, 88, 2, 88, 
                                                                                                                                                                                                                                                                          2, 2, 2, 2, 2, 1, 2, 1, 88, 1, 88, 1, 88, 2, 2, 2, 2, 2, 
                                                                                                                                                                                                                                                                          2, 2, 2, 88, 2, 2, 2, 2, 2, 2, 2, 2, 2, 2, 88, 2, 2, 2, 2, 
                                                                                                                                                                                                                                                                          2, 88, 2, 2, 88, 1, 88, 1, 2, 2, 1, 1, 1, 2, 2, 2, 2, 2, 
                                                                                                                                                                                                                                                                          88, 1, 2, 2, 1, 2, 1, 1, 2, 2, 2, 2, 2, 1, 1, 88, 1, 88, 
                                                                                                                                                                                                                                                                          88, 1, 2, 1, 88, 2, 2, 2, 2, 1, 2, 2, 2, 1, 2, 2, 2, 2, 88, 
                                                                                                                                                                                                                                                                          2, 2, 1, 2, 2, 2, 2, 2, 2, 2, 1, 2, 2, 2, 2, 1, 1, 2, 2, 
                                                                                                                                                                                                                                                                          2, 2, 88, 2, 88, 88, 1, 2, 2, 88, 88, 2, 2, 2, 2, 1, 88, 
                                                                                                                                                                                                                                                                          1, 2, 1, 88, 2, 2, 2, 1, 2, 1, 2, 1, 2, 88, 88, 1, 2, 2, 
                                                                                                                                                                                                                                                                          2, 88, 88, 2, 2, 1, 2, 88, 2, 2, 2, 2, 2, 2, 2, 2, 2, 2, 
                                                                                                                                                                                                                                                                          2, 1, 2, 2, 88, 1, 2, 88, 2, 88, 2, 88, 88, 1, 2, 2, 2, 2, 
                                                                                                                                                                                                                                                                          2, 1, 88, 2, 88, 2, 88, 2, 88, 2, 88, 2, 2, 88, 2, 2, 88, 
                                                                                                                                                                                                                                                                          2, 2, 2, 2, 1, 1, 2, 2, 2, 2, 2, 2, 2, 2, 2, 2, 88, 2, 2, 
                                                                                                                                                                                                                                                                          1, 2, 2, 88, 2, 2, 1, 88, 2, 2, 2, 2, 2, 2, 2, 88, 2, 2, 
                                                                                                                                                                                                                                                                          2, 2, 1, 2, 88, 2, 2, 1, 2, 2, 2, 2, 2, 88, 1, 88, 2, 2, 
                                                                                                                                                                                                                                                                          2, 2, 2, 2, 2, 2, 2, 2, 2, 2, 1, 1, 2, 2, 1, 88, 1, 88, 2, 
                                                                                                                                                                                                                                                                          1, 88, 88, 2, 1, 2, 2, 2, 2, 2, 88, 2, 2, 2, 2, 2, 1, 2, 
                                                                                                                                                                                                                                                                          1, 2, 2, 2, 2, 2, 88, 2, 2, 2), dispuesto_cambiar = c(1, 
                                                                                                                                                                                                                                                                                                                                2, 1, 4, 4, 3, 2, 3, 4, 3, 1, 1, 4, 3, 2, 1, 1, 2, 2, 3, 
                                                                                                                                                                                                                                                                                                                                4, 4, 3, 88, 2, 4, 1, 1, 4, 1, 1, 2, 3, 4, 88, 3, 2, 4, 2, 
                                                                                                                                                                                                                                                                                                                                1, 1, 2, 4, 1, 1, 2, 3, 1, 4, 88, 2, 4, 2, 4, 2, 1, 88, 2, 
                                                                                                                                                                                                                                                                                                                                88, 2, 4, 1, 2, 3, 4, 88, 3, 2, 3, 4, 1, 3, 1, 1, 4, 1, 2, 
                                                                                                                                                                                                                                                                                                                                4, 3, 2, 1, 4, 88, 2, 88, 1, 88, 2, 4, 88, 3, 3, 2, 1, 1, 
                                                                                                                                                                                                                                                                                                                                1, 88, 4, 88, 2, 88, 4, 1, 3, 3, 4, 1, 1, 2, 88, 2, 88, 1, 
                                                                                                                                                                                                                                                                                                                                88, 88, 88, 4, 88, 4, 4, 4, 2, 2, 4, 2, 1, 3, 3, 4, 3, 88, 
                                                                                                                                                                                                                                                                                                                                88, 1, 2, 2, 4, 1, 4, 4, 88, 4, 4, 88, 1, 88, 2, 3, 3, 1, 
                                                                                                                                                                                                                                                                                                                                1, 2, 2, 2, 2, 4, 4, 4, 1, 88, 1, 1, 88, 4, 2, 3, 3, 1, 4, 
                                                                                                                                                                                                                                                                                                                                2, 2, 1, 88, 1, 88, 88, 4, 3, 88, 88, 4, 1, 2, 3, 1, 4, 2, 
                                                                                                                                                                                                                                                                                                                                3, 3, 3, 1, 3, 88, 1, 88, 1, 1, 2, 1, 88, 88, 4, 3, 1, 1, 
                                                                                                                                                                                                                                                                                                                                4, 3, 2, 3, 1, 1, 4, 2, 4, 4, 88, 4, 88, 4, 1, 4, 4, 88, 
                                                                                                                                                                                                                                                                                                                                88, 4, 4, 3, 3, 4, 88, 1, 2, 1, 88, 4, 4, 2, 1, 3, 2, 1, 
                                                                                                                                                                                                                                                                                                                                1, 2, 1, 88, 1, 1, 4, 2, 88, 88, 2, 4, 3, 4, 88, 4, 4, 1, 
                                                                                                                                                                                                                                                                                                                                2, 1, 1, 4, 2, 1, 88, 1, 1, 4, 2, 88, 3, 2, 88, 2, 88, 4, 
                                                                                                                                                                                                                                                                                                                                88, 88, 1, 4, 4, 4, 3, 3, 1, 88, 4, 2, 4, 1, 4, 1, 4, 1, 
                                                                                                                                                                                                                                                                                                                                4, 2, 88, 2, 1, 4, 4, 1, 1, 1, 3, 2, 2, 88, 4, 88, 4, 88, 
                                                                                                                                                                                                                                                                                                                                4, 88, 4, 88, 88, 4, 2, 4, 3, 2, 88, 4, 2, 1, 4, 4, 1, 4, 
                                                                                                                                                                                                                                                                                                                                2, 88, 1, 1, 4, 4, 1, 88, 4, 1, 1, 88, 2, 3, 2, 1, 3, 1, 
                                                                                                                                                                                                                                                                                                                                1, 1, 88, 1, 88, 3, 2, 88, 3, 4, 4, 4, 88, 88, 88, 4, 3, 
                                                                                                                                                                                                                                                                                                                                4, 1, 1, 2, 1, 4, 3, 88, 88, 88, 88, 4, 1, 1, 88, 88, 4, 
                                                                                                                                                                                                                                                                                                                                2, 4, 3, 4, 4, 4, 4, 3, 1, 1, 4, 1, 2, 4, 1, 1, 88, 4, 3, 
                                                                                                                                                                                                                                                                                                                                1), voto_partido = c(5, 8, 7, 77, 77, 77, 77, 77, 7, 7, 6, 
                                                                                                                                                                                                                                                                                                                                                     4, 2, 2, 2, 5, 1, 4, 7, 2, 7, 2, 7, 77, 88, 5, 77, 7, 5, 
                                                                                                                                                                                                                                                                                                                                                     5, 7, 7, 7, 7, 99, 5, 77, 7, 13, 5, 12, 2, 2, 9, 7, 77, 88, 
                                                                                                                                                                                                                                                                                                                                                     11, 5, 7, 7, 5, 77, 7, 7, 2, 77, 77, 77, 77, 7, 77, 1, 7, 
                                                                                                                                                                                                                                                                                                                                                     2, 77, 5, 9, 7, 7, 2, 77, 2, 7, 7, 4, 9, 7, 7, 77, 5, 5, 
                                                                                                                                                                                                                                                                                                                                                     88, 9, 99, 7, 88, 7, 5, 99, 77, 2, 5, 7, 7, 7, 7, 7, 8, 7, 
                                                                                                                                                                                                                                                                                                                                                     77, 7, 6, 2, 6, 7, 12, 2, 77, 99, 9, 5, 2, 88, 77, 88, 7, 
                                                                                                                                                                                                                                                                                                                                                     5, 1, 1, 2, 5, 77, 77, 5, 7, 1, 9, 2, 5, 5, 2, 77, 77, 5, 
                                                                                                                                                                                                                                                                                                                                                     2, 7, 7, 7, 7, 2, 2, 99, 7, 77, 77, 9, 7, 7, 77, 1, 7, 77, 
                                                                                                                                                                                                                                                                                                                                                     7, 7, 7, 99, 8, 2, 1, 77, 7, 88, 88, 7, 77, 77, 5, 99, 77, 
                                                                                                                                                                                                                                                                                                                                                     7, 77, 7, 99, 7, 77, 77, 77, 7, 7, 2, 8, 7, 7, 77, 7, 2, 
                                                                                                                                                                                                                                                                                                                                                     5, 5, 5, 12, 9, 2, 5, 7, 77, 5, 8, 77, 5, 77, 7, 77, 2, 77, 
                                                                                                                                                                                                                                                                                                                                                     5, 5, 7, 8, 5, 2, 77, 2, 7, 77, 7, 7, 7, 7, 3, 7, 7, 7, 7, 
                                                                                                                                                                                                                                                                                                                                                     7, 77, 77, 77, 77, 7, 99, 7, 77, 7, 4, 5, 2, 1, 77, 5, 8, 
                                                                                                                                                                                                                                                                                                                                                     1, 7, 8, 8, 1, 7, 7, 7, 77, 2, 7, 5, 2, 2, 7, 7, 7, 7, 77, 
                                                                                                                                                                                                                                                                                                                                                     7, 7, 7, 5, 77, 77, 2, 8, 2, 88, 5, 10, 88, 77, 77, 1, 77, 
                                                                                                                                                                                                                                                                                                                                                     77, 4, 2, 7, 7, 10, 5, 77, 5, 5, 11, 7, 88, 7, 3, 7, 77, 
                                                                                                                                                                                                                                                                                                                                                     2, 5, 8, 5, 7, 1, 2, 7, 1, 1, 5, 2, 5, 77, 6, 6, 5, 5, 2, 
                                                                                                                                                                                                                                                                                                                                                     2, 7, 77, 77, 9, 5, 5, 2, 77, 5, 7, 2, 5, 5, 7, 7, 5, 5, 
                                                                                                                                                                                                                                                                                                                                                     5, 77, 7, 88, 99, 1, 5, 5, 5, 77, 1, 77, 7, 5, 77, 7, 3, 
                                                                                                                                                                                                                                                                                                                                                     5, 7, 77, 8, 8, 1, 77, 88, 7, 8, 7, 2, 5, 5, 88, 7, 7, 99, 
                                                                                                                                                                                                                                                                                                                                                     5, 77, 77, 7, 77, 77, 77, 7, 77, 77, 77, 2, 7, 2, 77, 77, 
                                                                                                                                                                                                                                                                                                                                                     5, 2, 77, 77, 77, 7, 77, 5, 2, 77, 7, 5, 2, 7, 1, 5, 77, 
                                                                                                                                                                                                                                                                                                                                                     77, 1, 77), voto_partido_segundo = c(1, 4, 7, 88, 7, 88, 
                                                                                                                                                                                                                                                                                                                                                                                          88, 77, 7, 7, 4, 99, 7, 3, 4, 5, 2, 4, 5, 2, 7, 2, 7, 77, 
                                                                                                                                                                                                                                                                                                                                                                                          88, 99, 77, 7, 1, 5, 5, 13, 99, 99, 88, 7, 77, 99, 11, 5, 
                                                                                                                                                                                                                                                                                                                                                                                          2, 7, 99, 9, 8, 7, 99, 5, 4, 1, 5, 7, 77, 5, 1, 7, 77, 77, 
                                                                                                                                                                                                                                                                                                                                                                                          88, 77, 6, 2, 7, 12, 2, 77, 5, 8, 7, 1, 5, 77, 4, 5, 5, 7, 
                                                                                                                                                                                                                                                                                                                                                                                          5, 2, 7, 77, 2, 2, 88, 10, 99, 99, 88, 4, 77, 88, 77, 7, 
                                                                                                                                                                                                                                                                                                                                                                                          7, 2, 1, 99, 99, 99, 99, 99, 77, 10, 4, 7, 9, 99, 6, 5, 77, 
                                                                                                                                                                                                                                                                                                                                                                                          99, 99, 7, 1, 88, 77, 88, 7, 2, 10, 1, 2, 7, 88, 77, 1, 77, 
                                                                                                                                                                                                                                                                                                                                                                                          2, 2, 1, 2, 3, 2, 3, 77, 5, 5, 5, 5, 2, 2, 99, 99, 99, 99, 
                                                                                                                                                                                                                                                                                                                                                                                          77, 99, 88, 88, 5, 77, 3, 1, 88, 6, 7, 7, 77, 1, 5, 13, 8, 
                                                                                                                                                                                                                                                                                                                                                                                          7, 88, 88, 7, 99, 2, 7, 99, 77, 7, 77, 99, 99, 99, 77, 77, 
                                                                                                                                                                                                                                                                                                                                                                                          77, 77, 99, 1, 7, 99, 88, 77, 77, 5, 8, 2, 9, 7, 7, 1, 7, 
                                                                                                                                                                                                                                                                                                                                                                                          1, 77, 5, 5, 88, 5, 77, 7, 77, 2, 77, 7, 7, 5, 99, 3, 9, 
                                                                                                                                                                                                                                                                                                                                                                                          77, 7, 2, 77, 99, 99, 5, 1, 1, 99, 88, 99, 2, 5, 11, 11, 
                                                                                                                                                                                                                                                                                                                                                                                          77, 77, 6, 88, 6, 77, 8, 5, 1, 7, 5, 77, 6, 99, 9, 5, 7, 
                                                                                                                                                                                                                                                                                                                                                                                          99, 7, 7, 99, 77, 77, 5, 99, 99, 99, 99, 99, 8, 2, 6, 77, 
                                                                                                                                                                                                                                                                                                                                                                                          2, 99, 5, 5, 88, 88, 5, 8, 1, 88, 77, 5, 77, 77, 77, 9, 77, 
                                                                                                                                                                                                                                                                                                                                                                                          5, 5, 5, 6, 5, 2, 2, 88, 99, 5, 5, 88, 99, 7, 5, 7, 77, 99, 
                                                                                                                                                                                                                                                                                                                                                                                          99, 99, 1, 5, 3, 1, 5, 2, 3, 8, 5, 1, 5, 7, 7, 8, 77, 1, 
                                                                                                                                                                                                                                                                                                                                                                                          6, 7, 88, 77, 77, 1, 8, 9, 77, 99, 99, 5, 1, 2, 6, 4, 77, 
                                                                                                                                                                                                                                                                                                                                                                                          7, 2, 77, 5, 88, 99, 4, 1, 5, 8, 7, 2, 77, 5, 8, 77, 5, 3, 
                                                                                                                                                                                                                                                                                                                                                                                          7, 5, 77, 99, 99, 7, 99, 1, 5, 7, 7, 99, 77, 88, 77, 7, 1, 
                                                                                                                                                                                                                                                                                                                                                                                          99, 7, 77, 77, 7, 77, 77, 77, 88, 77, 88, 99, 99, 77, 13, 
                                                                                                                                                                                                                                                                                                                                                                                          77, 77, 5, 2, 77, 77, 77, 7, 77, 1, 88, 77, 5, 1, 7, 4, 2, 
                                                                                                                                                                                                                                                                                                                                                                                          1, 77, 77, 99, 77), voto_partido_nunca = c(99, 2, 2, 88, 
                                                                                                                                                                                                                                                                                                                                                                                                                                     2, 88, 99, 99, 7, 3, 1, 11, 1, 1, 2, 2, 7, 1, 88, 4, 7, 5, 
                                                                                                                                                                                                                                                                                                                                                                                                                                     1, 2, 88, 5, 88, 2, 2, 2, 12, 1, 2, 99, 99, 1, 2, 1, 2, 2, 
                                                                                                                                                                                                                                                                                                                                                                                                                                     7, 1, 7, 2, 5, 99, 2, 1, 7, 2, 88, 2, 7, 12, 9, 3, 88, 2, 
                                                                                                                                                                                                                                                                                                                                                                                                                                     88, 88, 5, 7, 2, 1, 1, 88, 5, 7, 2, 1, 1, 99, 5, 1, 2, 2, 
                                                                                                                                                                                                                                                                                                                                                                                                                                     2, 1, 2, 7, 1, 2, 12, 1, 1, 2, 88, 2, 2, 99, 6, 4, 2, 1, 
                                                                                                                                                                                                                                                                                                                                                                                                                                     2, 2, 1, 1, 99, 3, 2, 1, 1, 3, 2, 1, 5, 7, 7, 1, 7, 7, 5, 
                                                                                                                                                                                                                                                                                                                                                                                                                                     7, 88, 88, 2, 6, 2, 7, 88, 7, 7, 2, 7, 2, 7, 7, 5, 1, 2, 
                                                                                                                                                                                                                                                                                                                                                                                                                                     1, 2, 7, 7, 7, 1, 1, 5, 1, 1, 7, 99, 7, 99, 99, 7, 1, 2, 
                                                                                                                                                                                                                                                                                                                                                                                                                                     1, 7, 2, 1, 1, 99, 2, 99, 7, 1, 7, 2, 1, 7, 7, 2, 2, 7, 99, 
                                                                                                                                                                                                                                                                                                                                                                                                                                     99, 88, 2, 88, 2, 99, 88, 99, 5, 99, 2, 88, 88, 2, 2, 2, 
                                                                                                                                                                                                                                                                                                                                                                                                                                     1, 2, 1, 7, 1, 2, 2, 88, 9, 99, 3, 88, 7, 2, 99, 99, 2, 2, 
                                                                                                                                                                                                                                                                                                                                                                                                                                     88, 7, 2, 2, 1, 2, 99, 1, 7, 7, 1, 3, 6, 9, 2, 11, 5, 5, 
                                                                                                                                                                                                                                                                                                                                                                                                                                     2, 2, 2, 1, 1, 1, 2, 88, 99, 1, 99, 2, 99, 2, 2, 7, 1, 7, 
                                                                                                                                                                                                                                                                                                                                                                                                                                     2, 7, 7, 12, 2, 1, 13, 4, 2, 2, 2, 99, 7, 1, 1, 5, 1, 2, 
                                                                                                                                                                                                                                                                                                                                                                                                                                     5, 5, 12, 99, 1, 2, 3, 7, 99, 99, 7, 7, 7, 88, 7, 2, 2, 1, 
                                                                                                                                                                                                                                                                                                                                                                                                                                     2, 7, 2, 12, 1, 1, 1, 1, 1, 1, 2, 2, 2, 11, 2, 88, 2, 7, 
                                                                                                                                                                                                                                                                                                                                                                                                                                     99, 99, 1, 4, 2, 2, 1, 7, 7, 2, 3, 2, 2, 7, 7, 7, 1, 8, 2, 
                                                                                                                                                                                                                                                                                                                                                                                                                                     7, 7, 2, 1, 88, 99, 1, 1, 7, 9, 7, 99, 99, 7, 6, 1, 2, 2, 
                                                                                                                                                                                                                                                                                                                                                                                                                                     2, 3, 7, 13, 88, 88, 99, 8, 2, 7, 2, 99, 3, 10, 2, 1, 1, 
                                                                                                                                                                                                                                                                                                                                                                                                                                     1, 1, 2, 99, 7, 3, 2, 2, 7, 7, 2, 1, 5, 88, 88, 1, 99, 1, 
                                                                                                                                                                                                                                                                                                                                                                                                                                     2, 99, 2, 7, 1, 7, 99, 2, 7, 2, 88, 99, 99, 99, 5, 7, 11, 
                                                                                                                                                                                                                                                                                                                                                                                                                                     2, 2, 1, 10, 2, 99, 7, 7, 7, 88, 1, 1, 12, 3, 2, 7, 7, 88, 
                                                                                                                                                                                                                                                                                                                                                                                                                                     7, 7, 88)), row.names = c(NA, -402L), class = c("tbl_df", 
                                                                                                                                                                                                                                                                                                                                                                                                                                                                                     "tbl", "data.frame"))
